
wins =

     0


subopts =

   NaN


wins =

     0


subopts =

   NaN


wins =

     0


subopts =

   22.1920


wins =

     0     0


subopts =

   22.1920   34.6340


wins =

     0     0     0


subopts =

   22.1920   34.6340   21.5257


wins =

     0     0     0     0


subopts =

   22.1920   34.6340   21.5257   49.9695


wins =

     0     0     0     0     0


subopts =

   22.1920   34.6340   21.5257   49.9695   21.0838


wins =

     0     0     0     0     0     0


subopts =

   22.1920   34.6340   21.5257   49.9695   21.0838   20.2944


wins =

     0     0     0     0     0     0     0


subopts =

  Columns 1 through 6

   22.1920   34.6340   21.5257   49.9695   21.0838   20.2944

  Column 7

   20.7495


wins =

     0     0     0     0     0     0     0     0


subopts =

  Columns 1 through 6

   22.1920   34.6340   21.5257   49.9695   21.0838   20.2944

  Columns 7 through 8

   20.7495   22.0275


wins =

     0     0     0     0     0     0     0     0     0


subopts =

  Columns 1 through 6

   22.1920   34.6340   21.5257   49.9695   21.0838   20.2944

  Columns 7 through 9

   20.7495   22.0275   37.3141


wins =

     0     0     0     0     0     0     0     0     0     0


subopts =

  Columns 1 through 6

   22.1920   34.6340   21.5257   49.9695   21.0838   20.2944

  Columns 7 through 10

   20.7495   22.0275   37.3141   21.3837


wins =

     0


subopts =

   19.8680


wins =

     0


subopts =

   NaN


wins =

     0     0


subopts =

   NaN   NaN


wins =

     0     0     0


subopts =

   NaN   NaN   NaN


wins =

     0     0     0     2


subopts =

   NaN   NaN   NaN   NaN


wins =

     0     0     0     2     1


subopts =

   NaN   NaN   NaN   NaN   NaN


wins =

     0     0     0     2     1     0


subopts =

   NaN   NaN   NaN   NaN   NaN   NaN


wins =

     0     0     0     2     1     0     0


subopts =

   NaN   NaN   NaN   NaN   NaN   NaN   NaN


wins =

  Columns 1 through 7

     0     0     0     2     1     0     0

  Column 8

     0


subopts =

  Columns 1 through 7

   NaN   NaN   NaN   NaN   NaN   NaN   NaN

  Column 8

   NaN


wins =

  Columns 1 through 7

     0     0     0     2     1     0     0

  Columns 8 through 9

     0     0


subopts =

  Columns 1 through 7

   NaN   NaN   NaN   NaN   NaN   NaN   NaN

  Columns 8 through 9

   NaN   NaN


wins =

  Columns 1 through 7

     0     0     0     2     1     0     0

  Columns 8 through 10

     0     0     0


subopts =

  Columns 1 through 7

   NaN   NaN   NaN   NaN   NaN   NaN   NaN

  Columns 8 through 10

   NaN   NaN   NaN


wins =

     0


subopts =

   NaN


wins =

     0


subopts =

   NaN


wins =

     0     0


subopts =

   NaN   NaN


wins =

     0     0     0


subopts =

   NaN   NaN   NaN


wins =

     0     0     0     0


subopts =

   NaN   NaN   NaN   NaN


wins =

     0     0     0     0     0


subopts =

   NaN   NaN   NaN   NaN   NaN


wins =

     0     0     0     0     0     0


subopts =

   NaN   NaN   NaN   NaN   NaN   NaN


wins =

  Columns 1 through 6

     0     0     0     0     0     0

  Column 7

     0


subopts =

  Columns 1 through 6

   NaN   NaN   NaN   NaN   NaN   NaN

  Column 7

   NaN


wins =

  Columns 1 through 6

     0     0     0     0     0     0

  Columns 7 through 8

     0     0


subopts =

  Columns 1 through 6

   NaN   NaN   NaN   NaN   NaN   NaN

  Columns 7 through 8

   NaN   NaN


wins =

  Columns 1 through 6

     0     0     0     0     0     0

  Columns 7 through 9

     0     0     0


subopts =

  Columns 1 through 6

   NaN   NaN   NaN   NaN   NaN   NaN

  Columns 7 through 9

   NaN   NaN   NaN


wins =

  Columns 1 through 6

     0     0     0     0     0     0

  Columns 7 through 10

     0     0     0     0


subopts =

  Columns 1 through 6

   NaN   NaN   NaN   NaN   NaN   NaN

  Columns 7 through 10

   NaN   NaN   NaN   NaN


wins =

     0


subopts =

   NaN


wins =

     0     0


subopts =

   NaN   NaN


wins =

     0     0     0


subopts =

   NaN   NaN   NaN


wins =

     0     0     0     0


subopts =

   NaN   NaN   NaN   NaN


wins =

     0     0     0     0     0


subopts =

   NaN   NaN   NaN   NaN   NaN


wins =

     0     0     0     0     0     0


subopts =

   NaN   NaN   NaN   NaN   NaN   NaN


wins =

  Columns 1 through 6

     0     0     0     0     0     0

  Column 7

     0


subopts =

  Columns 1 through 6

   NaN   NaN   NaN   NaN   NaN   NaN

  Column 7

   NaN


wins =

  Columns 1 through 6

     0     0     0     0     0     0

  Columns 7 through 8

     0     0


subopts =

  Columns 1 through 6

   NaN   NaN   NaN   NaN   NaN   NaN

  Columns 7 through 8

   NaN   NaN


wins =

  Columns 1 through 6

     0     0     0     0     0     0

  Columns 7 through 9

     0     0     0


subopts =

  Columns 1 through 6

   NaN   NaN   NaN   NaN   NaN   NaN

  Columns 7 through 9

   NaN   NaN   NaN


wins =

  Columns 1 through 6

     0     0     0     0     0     0

  Columns 7 through 10

     0     0     0     0


subopts =

  Columns 1 through 6

   NaN   NaN   NaN   NaN   NaN   NaN

  Columns 7 through 10

   NaN   NaN   NaN   NaN


wins =

     1


subopts =

   NaN


wins =

     1     0


subopts =

   NaN   NaN


wins =

     1     0     2


subopts =

   NaN   NaN   NaN


wins =

     1     0     2     0


subopts =

   NaN   NaN   NaN   NaN


wins =

     1     0     2     0     0


subopts =

   NaN   NaN   NaN   NaN   NaN


wins =

     1     0     2     0     0     1


subopts =

   NaN   NaN   NaN   NaN   NaN   NaN


wins =

  Columns 1 through 6

     1     0     2     0     0     1

  Column 7

     1


subopts =

  Columns 1 through 6

   NaN   NaN   NaN   NaN   NaN   NaN

  Column 7

   NaN


wins =

  Columns 1 through 6

     1     0     2     0     0     1

  Columns 7 through 8

     1     1


subopts =

  Columns 1 through 6

   NaN   NaN   NaN   NaN   NaN   NaN

  Columns 7 through 8

   NaN   NaN


wins =

  Columns 1 through 6

     1     0     2     0     0     1

  Columns 7 through 9

     1     1     1


subopts =

  Columns 1 through 6

   NaN   NaN   NaN   NaN   NaN   NaN

  Columns 7 through 9

   NaN   NaN   NaN


wins =

  Columns 1 through 6

     1     0     2     0     0     1

  Columns 7 through 10

     1     1     1     1


subopts =

  Columns 1 through 6

   NaN   NaN   NaN   NaN   NaN   NaN

  Columns 7 through 10

   NaN   NaN   NaN   NaN


wins =

     1


subopts =

   NaN


wins =

     1     0


subopts =

   NaN   NaN


wins =

     1     0     1


subopts =

   NaN   NaN   NaN


wins =

     1     0     1     1


subopts =

   NaN   NaN   NaN   NaN


wins =

     1     0     1     1     2


subopts =

   NaN   NaN   NaN   NaN   NaN


wins =

     1     0     1     1     2     1


subopts =

   NaN   NaN   NaN   NaN   NaN   NaN


wins =

  Columns 1 through 6

     1     0     1     1     2     1

  Column 7

     0


subopts =

  Columns 1 through 6

   NaN   NaN   NaN   NaN   NaN   NaN

  Column 7

   NaN


wins =

  Columns 1 through 6

     1     0     1     1     2     1

  Columns 7 through 8

     0     2


subopts =

  Columns 1 through 6

   NaN   NaN   NaN   NaN   NaN   NaN

  Columns 7 through 8

   NaN   NaN


wins =

  Columns 1 through 6

     1     0     1     1     2     1

  Columns 7 through 9

     0     2     0


subopts =

  Columns 1 through 6

   NaN   NaN   NaN   NaN   NaN   NaN

  Columns 7 through 9

   NaN   NaN   NaN


wins =

  Columns 1 through 6

     1     0     1     1     2     1

  Columns 7 through 10

     0     2     0     1


subopts =

  Columns 1 through 6

   NaN   NaN   NaN   NaN   NaN   NaN

