
wins =

     0


subopts =

   NaN


wins =

     0     0


subopts =

   NaN   NaN


wins =

     0     0     0


subopts =

   NaN   NaN   NaN


wins =

     0     0     0     0


subopts =

   NaN   NaN   NaN   NaN


wins =

     0


subopts =

   17.0609


wins =

     0     0


subopts =

   17.0609   12.8831


wins =

     0


subopts =

   NaN


wins =

     0     0


subopts =

   NaN   NaN


wins =

     0     0     0


subopts =

   NaN   NaN   NaN


wins =

     0     0     0     0


subopts =

   NaN   NaN   NaN   NaN


wins =

     0     0     0     0     0


subopts =

   NaN   NaN   NaN   NaN   NaN


wins =

     0     0     0     0     0     0


subopts =

   NaN   NaN   NaN   NaN   NaN   NaN


wins =

     0


subopts =

   NaN


wins =

     0     0


subopts =

   NaN   NaN


wins =

     0     0     0


subopts =

   NaN   NaN   NaN


wins =

     0     0     0     0


subopts =

   NaN   NaN   NaN   NaN


wins =

     0     0     0     0     0


subopts =

   NaN   NaN   NaN   NaN   NaN


wins =

     0     0     0     0     0     0


subopts =

   NaN   NaN   NaN   NaN   NaN   NaN


wins =

     0     0     0     0     0     0     0


subopts =

   NaN   NaN   NaN   NaN   NaN   NaN   NaN


wins =

     0     0     0     0     0     0     0     0


subopts =

   NaN   NaN   NaN   NaN   NaN   NaN   NaN   NaN


wins =

     0


subopts =

   16.0443


wins =

     0     0


subopts =

   16.0443   12.7348


wins =

     0     0     0


subopts =

   16.0443   12.7348   15.1265


wins =

     0     0     0     0


subopts =

   16.0443   12.7348   15.1265   13.1571


wins =

     0     0     0     0     0


subopts =

   16.0443   12.7348   15.1265   13.1571   12.7445


wins =

     0


subopts =

   21.9915


wins =

     0     0


subopts =

   21.9915   24.5109


wins =

     0     0     0


subopts =

   21.9915   24.5109   20.0938


wins =

     0


subopts =

   12.0750


wins =

     0     0


subopts =

   12.0750   12.4962


wins =

     0     0     0


subopts =

   12.0750   12.4962   24.1808


wins =

     0     0     0     0


subopts =

   12.0750   12.4962   24.1808   17.2562


wins =

     0     0     0     0     0


subopts =

   12.0750   12.4962   24.1808   17.2562   13.1925


wins =

     0     0     0     0     0     0


subopts =

   12.0750   12.4962   24.1808   17.2562   13.1925   12.8072


wins =

     0     0     0     0     0     0     0


subopts =

  Columns 1 through 6

   12.0750   12.4962   24.1808   17.2562   13.1925   12.8072

  Column 7

   15.5676


wins =

     0     0     0     0     0     0     0     0


subopts =

  Columns 1 through 6

   12.0750   12.4962   24.1808   17.2562   13.1925   12.8072

  Columns 7 through 8

   15.5676   12.7259


wins =

     0     0     0     0     0     0     0     0     0


subopts =

  Columns 1 through 6

   12.0750   12.4962   24.1808   17.2562   13.1925   12.8072

  Columns 7 through 9

   15.5676   12.7259   12.4128


wins =

     0     0     0     0     0     0     0     0     0     0


subopts =

  Columns 1 through 6

   12.0750   12.4962   24.1808   17.2562   13.1925   12.8072

  Columns 7 through 10

   15.5676   12.7259   12.4128   20.4690


wins =

     0


subopts =

   20.4796


wins =

     0     0


subopts =

   20.4796   22.1518


wins =

     0     0     0


subopts =

   20.4796   22.1518   33.3275


wins =

     0     0     0     0


subopts =

   20.4796   22.1518   33.3275   23.7250


wins =

     0     0     0     0     0


subopts =

   20.4796   22.1518   33.3275   23.7250   26.3480


wins =

     0     0     0     0     0     0


subopts =

   20.4796   22.1518   33.3275   23.7250   26.3480   31.6747


wins =

     0     0     0     0     0     0     0


subopts =

  Columns 1 through 6

   20.4796   22.1518   33.3275   23.7250   26.3480   31.6747

  Column 7

   82.1912


wins =

     0     0     0     0     0     0     0     0


subopts =

  Columns 1 through 6

   20.4796   22.1518   33.3275   23.7250   26.3480   31.6747

  Columns 7 through 8

   82.1912   21.6397


wins =

     0     0     0     0     0     0     0     0     0


subopts =

  Columns 1 through 6

   20.4796   22.1518   33.3275   23.7250   26.3480   31.6747

  Columns 7 through 9

   82.1912   21.6397   19.1571


wins =

     0     0     0     0     0     0     0     0     0     0


subopts =

  Columns 1 through 6

   20.4796   22.1518   33.3275   23.7250   26.3480   31.6747

  Columns 7 through 10

   82.1912   21.6397   19.1571   27.8946


wins =

     0


subopts =

   21.2433


wins =

     0     0


subopts =

   21.2433   21.9419


wins =

     0     0     0


subopts =

   21.2433   21.9419   20.3263


wins =

     0     0     0     0


subopts =

   21.2433   21.9419   20.3263   24.0939


wins =

     0     0     0     0     0


subopts =

   21.2433   21.9419   20.3263   24.0939   21.5206


wins =

     0     0     0     0     0     0


subopts =

   21.2433   21.9419   20.3263   24.0939   21.5206   20.7442


wins =

     0     0     0     0     0     0     0


subopts =

  Columns 1 through 6

   21.2433   21.9419   20.3263   24.0939   21.5206   20.7442

  Column 7

   36.2926


wins =

     0     0     0     0     0     0     0     0


subopts =

  Columns 1 through 6

   21.2433   21.9419   20.3263   24.0939   21.5206   20.7442

  Columns 7 through 8

   36.2926   47.1521


wins =

     0     0     0     0     0     0     0     0     0


subopts =

  Columns 1 through 6

   21.2433   21.9419   20.3263   24.0939   21.5206   20.7442

  Columns 7 through 9

   36.2926   47.1521   21.4930


wins =

     0     0     0     0     0     0     0     0     0     0


subopts =

  Columns 1 through 6

   21.2433   21.9419   20.3263   24.0939   21.5206   20.7442

  Columns 7 through 10

   36.2926   47.1521   21.4930   49.6768


wins =

     0


subopts =

   27.1526


wins =

     0     0


subopts =

   27.1526  244.7705


wins =

     0


subopts =

   28.8377


wins =

     0     0


subopts =

   28.8377   34.9653


wins =

     0     0     0


subopts =

   28.8377   34.9653   38.0782


wins =

     0     0     0     0


subopts =

   28.8377   34.9653   38.0782   31.8512


wins =

     0     0     0     0     0


subopts =

   28.8377   34.9653   38.0782   31.8512   23.6792


wins =

     0     0     0     0     0     0


subopts =

   28.8377   34.9653   38.0782   31.8512   23.6792   29.0047


wins =

     0     0     0     0     0     0     0


subopts =

  Columns 1 through 6

   28.8377   34.9653   38.0782   31.8512   23.6792   29.0047

  Column 7

   19.9334


wins =

     0     0     0     0     0     0     0     0


subopts =

  Columns 1 through 6

   28.8377   34.9653   38.0782   31.8512   23.6792   29.0047

  Columns 7 through 8

   19.9334   20.1411


wins =

     0     0     0     0     0     0     0     0     0


subopts =

  Columns 1 through 6

   28.8377   34.9653   38.0782   31.8512   23.6792   29.0047

  Columns 7 through 9

   19.9334   20.1411   22.4572


wins =

     0     0     0     0     0     0     0     0     0     0


subopts =

  Columns 1 through 6

   28.8377   34.9653   38.0782   31.8512   23.6792   29.0047

  Columns 7 through 10

   19.9334   20.1411   22.4572   46.5101


wins =

     0


subopts =

   33.4370


wins =

     0


subopts =

   NaN


wins =

     0


subopts =

   NaN


wins =

     0     0


subopts =

   NaN   NaN


wins =

     0     0     0


subopts =

   NaN   NaN   NaN


wins =

     0     0     0     0


subopts =

   NaN   NaN   NaN   NaN


wins =

     0     0     0     0     0


subopts =

   NaN   NaN   NaN   NaN   NaN


wins =

     0     0     0     0     0     0


subopts =

   NaN   NaN   NaN   NaN   NaN   NaN


wins =

  Columns 1 through 6

     0     0     0     0     0     0

  Column 7

     0


subopts =

  Columns 1 through 6

   NaN   NaN   NaN   NaN   NaN   NaN

  Column 7

   NaN


wins =

  Columns 1 through 7

     0     0     0     0     0     0     0

  Column 8

     0


